Velocidade
1
1.0303030303030303
1.1111111111111112
1.1428571428571428
1.1666666666666667
1.1666666666666667
1.2666666666666666
1.2666666666666666
1.1333333333333333
1.0666666666666667
1.25
1.375
1.7
1.75
2
2
2
2
1.875
1.75
1.7777777777777777
2
2
2
2
2
2
2
2.0625
2.090909090909091
2
2
2
2
1.8
1.6666666666666667
1.6666666666666667
1.6666666666666667
1.7777777777777777
1.8333333333333333
1.7647058823529411
1.75
2
1.8
1.7
1.8181818181818181
1.6666666666666667
1.6666666666666667
1.8181818181818181
1.8333333333333333
2
2
2.0714285714285716
2.142857142857143
2.125
2.0714285714285716
2.2142857142857144
2.357142857142857
2.4285714285714284
2.375
2.6
2.6666666666666665
2.6666666666666665
2.8461538461538463
2.857142857142857
3
3
3.066666666666667
3.066666666666667
3.0588235294117645
3.0714285714285716
3.125
3.125
3.4615384615384617
3.5
3.4545454545454546
3.4444444444444446
3.272727272727273
3.2941176470588234
3.1176470588235294
3.1666666666666665
3.2857142857142856
3.176470588235294
3.142857142857143
3.1333333333333333
3.1666666666666665
3.176470588235294
3.25
3.1904761904761907
3.1666666666666665
3.1538461538461537
3.1818181818181817
3.125
3
3.1538461538461537
3.4
3.3333333333333335
3.4545454545454546
3.5
3.4210526315789473
3.6666666666666665
3.6153846153846154
3.5
3.4615384615384617
3.4615384615384617
3.4545454545454546
3.4444444444444446
3.25
3.3333333333333335
3.4285714285714284
3.4
3.6363636363636362
3.7142857142857144
3.8125
4
4.076923076923077
3.9166666666666665
4.0625
3.888888888888889
4
3.8181818181818183
3.9166666666666665
4.230769230769231
4.142857142857143
4.529411764705882
4.5
4.954545454545454
5.0625
4.928571428571429
5
5
5
4.933333333333334
4.857142857142857
4.875
4.947368421052632
4.857142857142857
5
5
5
5.052631578947368
5
5
4.9
5.1
5
5.090909090909091
5
5
4.9
5
5
5
5.0625
5
4.947368421052632
4.85
4.9411764705882355
5
4.944444444444445
5.052631578947368
5.05
5
4.9411764705882355
5
5
5.235294117647059
5.05
5.15
5.111111111111111
5.142857142857143
5.133333333333334
5.142857142857143
5.111111111111111
5.181818181818182
5.315789473684211
5.2727272727272725
5.380952380952381
5.5
5.368421052631579
5.578947368421052
5.523809523809524
5.608695652173913
5.55
5.764705882352941
5.823529411764706
5.6875
5.888888888888889
5.8
5.866666666666666
5.944444444444445
6.235294117647059
6.222222222222222
6.095238095238095
6.071428571428571
6.142857142857143
6.142857142857143
6.125
6.052631578947368
6.166666666666667
6.125
6.266666666666667
6.4
6.294117647058823
6.2105263157894735
6.136363636363637
6.235294117647059
6.25
6.352941176470588
6.375
6.411764705882353
6.388888888888889
6.470588235294118
6.647058823529412
6.785714285714286
6.923076923076923
6.888888888888889
6.9
7
7
7.066666666666666
7.384615384615385
7.473684210526316
7.545454545454546
7.666666666666667
7.421052631578948
7.277777777777778
7.315789473684211
7.368421052631579
7.5
7.470588235294118
7.454545454545454
7.333333333333333
7.666666666666667
7.5
7.590909090909091
7.619047619047619
7.95
7.705882352941177
7.85
7.8
7.9375
8.1875
8.105263157894736
8.173913043478262
8.090909090909092
8.166666666666666
8.277777777777779
8.043478260869565
8.26086956521739
8.375
8.631578947368421
8.789473684210526
8.647058823529411
8.705882352941176
8.944444444444445
9
9.15
9
9.1875
9.090909090909092
9.238095238095237
9.3
9.210526315789474
9.466666666666667
9.789473684210526
9.368421052631579
9.333333333333334
9.31578947368421
9.8125
9.9
9.68421052631579
9.782608695652174
9.76
9.904761904761905
9.857142857142858
9.91304347826087
9.909090909090908
9.777777777777779
9.789473684210526
9.875
9.851851851851851
9.764705882352942
9.777777777777779
9.894736842105264
9.875
9.692307692307692
9.5625
9.45
9.478260869565217
9.473684210526315
9.529411764705882
9.733333333333333
9.823529411764707
9.80952380952381
9.708333333333334
9.76
9.588235294117647
9.466666666666667
9.625
9.833333333333334
9.636363636363637
9.636363636363637
9.75
10
10.055555555555555
10.166666666666666
10.15
10.166666666666666
10.2
10.142857142857142
10.272727272727273
10.4
10.214285714285714
10.235294117647058
10.529411764705882
10.6
10.5
10.578947368421053
10.428571428571429
10.238095238095237
10.25
10.294117647058824
10.3125
10.222222222222221
10.529411764705882
10.473684210526315
10.38888888888889
10.5
10.833333333333334
10.80952380952381
10.666666666666666
10.555555555555555
10.590909090909092
10.458333333333334
10.521739130434783
10.545454545454545
10.3
10.11111111111111
10.181818181818182
10.25
10.458333333333334
10.478260869565217
10.45
10.6
10.607142857142858
10.285714285714286
10.636363636363637
10.592592592592593
10.347826086956522
10.375
10.35
10.45
10.421052631578947
10.235294117647058
10.117647058823529
10.047619047619047
10.1
10.090909090909092
10.176470588235293
10.227272727272727
10.285714285714286
10.38888888888889
10.421052631578947
10.391304347826088
10.333333333333334
10.28
10.238095238095237
10.26086956521739
10.181818181818182
10.157894736842104
10.238095238095237
10.210526315789474
10.2
10.2
10.055555555555555
10.08695652173913
10.166666666666666
10.277777777777779
10.38888888888889
10.454545454545455
10.545454545454545
10.368421052631579
10.318181818181818
10.35
10.565217391304348
10.473684210526315
10.545454545454545
10.666666666666666
10.736842105263158
10.5
10.4375
10.545454545454545
10.692307692307692
10.714285714285714
10.8
10.666666666666666
10.846153846153847
10.75
10.857142857142858
10.846153846153847
10.764705882352942
10.736842105263158
10.647058823529411
10.631578947368421
10.736842105263158
10.555555555555555
10.470588235294118
10.555555555555555
10.625
10.380952380952381
10.518518518518519
10.576923076923077
10.619047619047619
10.529411764705882
10.473684210526315
10.705882352941176
10.75
10.666666666666666
10.863636363636363
10.75
10.875
10.782608695652174
10.72
10.666666666666666
10.88
10.952380952380953
11.210526315789474
11.090909090909092
11.133333333333333
11.125
11.19047619047619
11.277777777777779
11.173913043478262
11
11
11.266666666666667
11.157894736842104
11.4
11.458333333333334
11.272727272727273
11.291666666666666
11.25
11.142857142857142
11.227272727272727
11.272727272727273
11.055555555555555
11.105263157894736
11.55
11.6
11.583333333333334
11.48
11.4
11.25
11.526315789473685
11.409090909090908
11.458333333333334
11.409090909090908
11.428571428571429
11.5
11.36
11.45
11.52
11.333333333333334
11.434782608695652
11.434782608695652
11.458333333333334
11.473684210526315
11.571428571428571
11.318181818181818
11.31578947368421
11.217391304347826
11.333333333333334
11.466666666666667
11.45
11.44
11.2
11.210526315789474
11.238095238095237
11.318181818181818
11.32
11.625
11.45
11.434782608695652
11.352941176470589
11.470588235294118
11.3
11.428571428571429
11.55
11.714285714285714
11.842105263157896
11.736842105263158
11.714285714285714
11.470588235294118
11.473684210526315
11.409090909090908
11.277777777777779
11.291666666666666
11.28
11.333333333333334
11.416666666666666
11.444444444444445
11.347826086956522
11.421052631578947
11.5
11.428571428571429
11.444444444444445
11.461538461538462
11.380952380952381
11.428571428571429
11.4
11.5
11.4
11.291666666666666
11.25
11.25925925925926
11.23076923076923
11.076923076923077
10.954545454545455
10.857142857142858
10.9
10.851851851851851
11.045454545454545
10.736842105263158
10.4375
10.714285714285714
10.681818181818182
10.625
10.652173913043478
10.791666666666666
10.833333333333334
10.818181818181818
10.736842105263158
10.631578947368421
10.5
10.722222222222221
10.7
10.681818181818182
10.6
10.5
10.5
10.44
10.28
10.36
10.25925925925926
10.28
10.391304347826088
10.277777777777779
10.333333333333334
10.296296296296296
10.206896551724139
10.136363636363637
10
10
10.033333333333333
10.076923076923077
9.93939393939394
9.961538461538462
9.954545454545455
9.96
10
10
10.047619047619047
10.136363636363637
9.952380952380953
9.869565217391305
10
9.962962962962964
9.904761904761905
10
9.9
9.882352941176471
9.761904761904763
10
9.958333333333334
9.909090909090908
9.91304347826087
10
9.789473684210526
9.95
9.882352941176471
9.9
9.9
9.941176470588236
9.916666666666666
9.851851851851851
9.8
9.857142857142858
9.714285714285714
9.722222222222221
9.882352941176471
9.833333333333334
9.85
9.947368421052632
10
9.92
9.916666666666666
9.916666666666666
9.96774193548387
9.944444444444445
9.88888888888889
10.05
10.055555555555555
10
10
10.058823529411764
10.058823529411764
10
10
9.875
9.92
10.038461538461538
10.166666666666666
10.25
10.38888888888889
10.266666666666667
10.3125
10.428571428571429
10.458333333333334
10.391304347826088
10.409090909090908
10.409090909090908
10.428571428571429
10.31578947368421
10.5625
10.55
10.421052631578947
10.48
10.6
10.3125
10.333333333333334
10.117647058823529
10.222222222222221
10.1
10.142857142857142
9.9
10
10.083333333333334
10.153846153846153
10.25
10.23076923076923
10.366666666666667
10.428571428571429
10.238095238095237
10.444444444444445
10.25
10.157894736842104
10.041666666666666
9.954545454545455
10.105263157894736
10.2
10.23076923076923
10.115384615384615
10.227272727272727
10.217391304347826
10.291666666666666
10.347826086956522
10.208333333333334
10.272727272727273
10.583333333333334
10.909090909090908
11
10.909090909090908
10.92
10.961538461538462
10.916666666666666
11.142857142857142
11.076923076923077
11.043478260869565
10.857142857142858
11.045454545454545
11.047619047619047
11.1
11.136363636363637
11.1
11.15
11.181818181818182
11.294117647058824
11.263157894736842
11.304347826086957
11.11111111111111
11.217391304347826
11.157894736842104
11.0625
11.31578947368421
11.333333333333334
11.384615384615385
11.391304347826088
11.733333333333333
11.526315789473685
11.05
10.956521739130435
10.681818181818182
10.529411764705882
10.647058823529411
10.61111111111111
10.533333333333333
10.352941176470589
10.352941176470589
10.4
10.266666666666667
10.466666666666667
10.642857142857142
10.470588235294118
10.5
10.533333333333333
10.5
10.555555555555555
10.736842105263158
10.363636363636363
10.2
10.258064516129032
10.26923076923077
10.571428571428571
10.777777777777779
10.8
10.9
10.761904761904763
10.615384615384615
10.966666666666667
10.814814814814815
10.826086956521738
10.782608695652174
10.818181818181818
10.851851851851851
10.652173913043478
10.655172413793103
10.681818181818182
11.263157894736842
11.5
11
10.92
10.84
10.833333333333334
11.1
11.052631578947368
11.11111111111111
11
11.318181818181818
11.095238095238095
10.68421052631579
10.428571428571429
10.772727272727273
10.695652173913043
10.869565217391305
10.821428571428571
10.88
11.047619047619047
11.434782608695652
11.909090909090908
11.80952380952381
12.05
11.944444444444445
12
11.833333333333334
11.631578947368421
11.590909090909092
11.44
11.5
11.45
11.541666666666666
11.652173913043478
11.7
11.666666666666666
11.75
11.652173913043478
11.84
11.68
11.655172413793103
11.636363636363637
11.5
11.3
11.4
11.23076923076923
11.384615384615385
11.125
11.076923076923077
10.84
11.037037037037036
10.5
10.4
10.4375
10.38888888888889
10.421052631578947
10.5
10.0625
10
10.058823529411764
10.176470588235293
10.5625
10.529411764705882
10.7
10.55
10.476190476190476
10.727272727272727
10.476190476190476
10.44
10.5
10.565217391304348
10.68421052631579
10.421052631578947
10.434782608695652
10.818181818181818
10.647058823529411
10.666666666666666
10.434782608695652
10.346153846153847
10.28
10.411764705882353
10.333333333333334
10.166666666666666
10.047619047619047
9.944444444444445
9.904761904761905
9.869565217391305
9.846153846153847
10.083333333333334
10.136363636363637
10.318181818181818
10.285714285714286
10.380952380952381
10.263157894736842
10.083333333333334
10.285714285714286
10
9.85
10
9.88888888888889
9.85
9.818181818181818
9.708333333333334
9.571428571428571
9.666666666666666
9.857142857142858
10
10.05
10
10
10.130434782608695
9.954545454545455
10
10
10
10
10.052631578947368
10.055555555555555
10.294117647058824
10.555555555555555
10.5
10.541666666666666
10.461538461538462
10.233333333333333
10.333333333333334
10.36
10.478260869565217
10.454545454545455
10.36
10.3125
10.38888888888889
10.380952380952381
10.166666666666666
10.263157894736842
10.25
10.238095238095237
10.11111111111111
10.176470588235293
10.142857142857142
10.181818181818182
10.347826086956522
10.391304347826088
10.3125
10.466666666666667
10.45
10.26086956521739
10.333333333333334
10.434782608695652
10.590909090909092
10.555555555555555
10.631578947368421
10.428571428571429
10.238095238095237
10.347826086956522
10.368421052631579
10.523809523809524
10.588235294117647
10.352941176470589
10.352941176470589
10.222222222222221
10.166666666666666
10.19047619047619
10.157894736842104
10.090909090909092
10.058823529411764
10.047619047619047
10.15
10.208333333333334
10.095238095238095
10.2
10.26086956521739
10.227272727272727
10.318181818181818
10.25
10.1
10.117647058823529
10.176470588235293
9.894736842105264
9.826086956521738
10.043478260869565
10
10
9.857142857142858
9.826086956521738
10.1
10.217391304347826
10.2
10.125
10.047619047619047
10.041666666666666
10.058823529411764
10.105263157894736
10.125
10.181818181818182
10.136363636363637
10.166666666666666
10.2
10.25
10.2
10.0625
10
10.125
10.19047619047619
10.263157894736842
10.181818181818182
10.26086956521739
10.166666666666666
10.173913043478262
10.235294117647058
10.222222222222221
10.25
10.294117647058824
10.31578947368421
10.45
10.55
10.476190476190476
10.545454545454545
10.416666666666666
10.363636363636363
10.4375
10.333333333333334
10.380952380952381
10.666666666666666
10.523809523809524
10.65
10.714285714285714
10.48
10.285714285714286
10.31578947368421
10.368421052631579
10.363636363636363
10.19047619047619
10.181818181818182
10.36
10.416666666666666
10.366666666666667
10.423076923076923
10.28
10.32
10.444444444444445
10.310344827586206
10.375
10.333333333333334
10.478260869565217
10.428571428571429
10.5
10.375
10.55
10.31578947368421
10.277777777777779
10.2
10.047619047619047
10.066666666666666
10.045454545454545
10.157894736842104
10.176470588235293
10.222222222222221
10.285714285714286
10.217391304347826
10.130434782608695
10.181818181818182
10.333333333333334
10.25925925925926
10.52
10.5
10.44
10.551724137931034
10.75
10.636363636363637
10.454545454545455
10.32
10.4
10.476190476190476
